-137.049193 -139.587274 -20.392231
-146.990205 -148.922567 -152.278362
-151.362257 -152.106143 -153.551732
-150.266153 -31.216184 -153.477840
-5.187257 -132.833524 -131.769930
-134.385660 -133.507383 -136.538017
-132.375442 -107.771443 -135.927093
-126.455643 -126.723518 8.605355
-132.657856 -133.558514 -123.903646
-130.933209 -130.262434 -142.965681
-130.239189 -130.493806 -130.444605
-131.258893 -132.034700 -132.872167
-108.408714 -119.866444 -58.010411
-112.237998 -119.215588 -155.425185
-118.536771 -117.203796 -119.213840
-116.758639 -108.423711 -84.673547
-54.139717 -114.392212 -151.044935
-120.356562 -104.142212 -135.110997
-102.672097 -75.997377 -118.507560
-73.602975 -93.192259 -48.507127
-80.284909 -44.466881 -8.810682
-103.715285 -76.772787 -106.153467
-85.007622 -43.303230 -107.570988
-66.499643 -19.032447 -61.579396
-1.575662 -74.841620 -156.979452
-56.697167 -94.569355 -116.273992
-28.403515 -90.762760 -91.602983
-36.097430 -48.862834 8.120918
-27.955975 -6.254044 38.950810
-11.100399 -69.749355 -84.669143
-77.655410 12.167484 -87.128111
-32.616315 28.255791 -44.931878
49.061070 -43.732951 -136.202319
-74.410103 -8.916464 -110.236585
-54.252917 28.773265 -74.524239
-4.919697 21.648903 56.775449
39.447032 -77.622705 -118.729079
-25.887246 -78.185180 -88.218398
-65.798176 38.255912 -82.884589
6.161150 -7.751005 68.731375
19.259064 -81.141131 -99.997080
14.233847 -25.392225 -88.487480
-42.483743 84.410311 -63.090810
30.418584 -9.503373 89.255982
82.287592 -11.923897 -68.854520
97.553903 16.075772 2.388698
82.534365 73.804607 148.286411
134.415655 45.424988 -126.068116
62.107785 -16.469906 -41.527012
54.440075 29.020493 -40.123074
36.828679 52.630126 171.157656
121.220656 -21.479558 -92.398675
164.536492 204.717829 29.639056
130.615043 207.575836 -90.161011
173.458731 222.048564 189.838138
151.132106 160.453526 236.649958
-109.921770 -109.639724 -37.380040
-110.170581 -110.242148 -112.376035
-114.188976 -108.242303 -119.060337
-115.346951 -57.787754 -154.230873
-99.897305 -98.833213 12.744986
-97.929620 -109.642942 -110.898926
-111.167425 -86.190026 -150.823011
-95.412332 -17.433669 -145.232427
-73.596943 -84.802399 26.855417
-85.185292 -84.602659 -70.727050
-83.939439 -89.668062 -114.364725
-86.886614 -3.260060 -131.724982
-116.959587 -121.470096 -123.263285
-120.514775 -120.426129 -124.169337
-120.167968 -119.688829 -125.162101
-120.518870 -120.064704 30.554674
-96.359699 -99.453553 -103.974725
-100.280603 -100.553728 -109.744285
-100.672127 -100.248410 -108.166223
-99.357032 -99.477071 62.792089
-84.078698 -83.864043 -94.956763
-87.257738 -87.677631 -89.369162
-87.693794 -90.747705 -96.018407
-84.880666 -84.094905 115.838470
-61.883618 -76.532886 -64.817064
-60.942539 -60.676463 -76.904788
-70.824764 -64.870310 -67.437245
-63.706700 -63.584115 133.944019
-20.718288 -20.675570 145.277784
-21.320714 -29.247381 -24.016347
-20.175395 -19.738506 -34.166440
-39.407270 168.151496 -33.711972
17.508737 2.487600 183.127323
77.249767 -24.136545 -19.182957
8.192468 -3.876927 -15.276558
-3.433980 173.049186 -19.144188
222.033296 185.241799 221.690485
207.887029 86.135381 -59.063123
205.361783 19.680362 -12.793772
192.951137 207.310887 231.565108
